0.000000000000000000e+00
9.813046477308684512e-01
2.176016716374293836e+00
3.854206852972275499e+00
5.385695602303465890e+00
7.044137019896107077e+00
8.395333296837941717e+00
1.002389800693376110e+01
1.151503790199944532e+01
1.327829806407676827e+01
1.499365743915930516e+01
1.613034366678047249e+01
1.772701433743904786e+01
1.953242349605848105e+01
2.101032373316031610e+01
2.277274963253920959e+01
2.376508275166336048e+01
2.568909104013956579e+01
2.729220744169113644e+01
3.078359283389460188e+01
3.186554934803551120e+01
3.366000667694552817e+01
3.581999996186977597e+01
